[1,0,0,[["cc.Skeleton",["_name","_hash","_joints","_bindposes"],0,12]],[[0,0,1,2,3,4]],[[0,"Skin-4",1076882951,["mixamorig:Hips/mixamorig:LeftUpLeg","mixamorig:Hips/mixamorig:LeftUpLeg/mixamorig:LeftLeg","mixamorig:Hips/mixamorig:LeftUpLeg/mixamorig:LeftLeg/mixamorig:LeftFoot","mixamorig:Hips/mixamorig:LeftUpLeg/mixamorig:LeftLeg/mixamorig:LeftFoot/mixamorig:LeftToeBase","mixamorig:Hips/mixamorig:RightUpLeg/mixamorig:RightLeg","mixamorig:Hips/mixamorig:RightUpLeg/mixamorig:RightLeg/mixamorig:RightFoot/mixamorig:RightToeBase","mixamorig:Hips/mixamorig:RightUpLeg/mixamorig:RightLeg/mixamorig:RightFoot","mixamorig:Hips/mixamorig:RightUpLeg"],[[[7,-0.9998919367790222,0.014702435582876205,-5.7515012717723746e-12,0,-0.014701333828270435,-0.9998169541358948,-0.012244015000760555,0,-0.0001800168538466096,-0.012242691591382027,0.9999250173568726,0,0.018226144835352898,0.13202987611293793,0.010485352948307991,1],[7,-0.9989436268806458,0.04588053748011589,-0.0025724193546921015,0,-0.04594914987683296,-0.9979878067970276,0.04369170591235161,0,-0.0005626442725770175,0.04376374930143356,0.999041736125946,0,0.02014586515724659,0.0615861751139164,0.007048821076750755,1],[7,-0.9965793490409851,0.08063731342554092,0.018090635538101196,0,-0.042713362723588943,-0.689988374710083,0.7225590944290161,0,0.07074755430221558,0.7193147540092468,0.691072404384613,0,0.020597605034708977,-0.005201868247240782,0.012686651200056076,1],[7,-0.9827634692192078,0.17250551283359528,0.06646626442670822,0,0.06540615111589432,-0.011828668415546417,0.9977886080741882,0,0.17291024327278137,0.9849375486373901,0.000341862381901592,0,0.022257745265960693,-0.013934396207332611,0.025996452197432518,1],[7,-0.9989461302757263,-0.04589523747563362,0.0005411952151916921,0,0.045885276049375534,-0.9983081817626953,0.03571183606982231,0,-0.0010987237328663468,0.0356990322470665,0.9993619918823242,0,-0.021189970895648003,0.0614459291100502,0.006561213172972202,1],[7,-0.9831504225730896,-0.17065741121768951,-0.06550842523574829,0,-0.06445595622062683,-0.011706518009305,0.9978519082069397,0,-0.17105768620967865,0.9852609038352966,0.000509380828589201,0,-0.023198559880256653,-0.01451016217470169,0.025950271636247635,1],[7,-0.9966222047805786,-0.0803973600268364,-0.016745610162615776,0,0.04332293942570686,-0.68793785572052,0.7244753837585449,0,-0.0697658509016037,0.7213028073310852,0.6890972256660461,0,-0.02159073017537594,-0.00549786351621151,0.012463490478694439,1],[7,-0.9998919367790222,-0.014699325896799564,-2.37413105667883e-12,0,0.014695113524794579,-0.9996054172515869,0.023938152939081192,0,-0.000351874710759148,0.02393556572496891,0.9997134208679199,0,-0.01926449127495289,0.13234557211399078,0.007285275496542454,1]],8,8,8,8,8,8,8,8]]],0,0,[],[],[]]
