[1,0,0,[["cc.Skeleton",["_name","_hash","_joints","_bindposes"],0,12]],[[0,0,1,2,3,4]],[[0,"Skin-5",337040137,["mixamorig:Hips/mixamorig:Spine/mixamorig:Spine1/mixamorig:Spine2/mixamorig:RightShoulder/mixamorig:RightArm","mixamorig:Hips/mixamorig:Spine/mixamorig:Spine1/mixamorig:Spine2/mixamorig:RightShoulder/mixamorig:RightArm/mixamorig:RightForeArm","mixamorig:Hips/mixamorig:Spine/mixamorig:Spine1/mixamorig:Spine2/mixamorig:RightShoulder/mixamorig:RightArm/mixamorig:RightForeArm/mixamorig:RightHand","mixamorig:Hips/mixamorig:Spine/mixamorig:Spine1/mixamorig:Spine2","mixamorig:Hips/mixamorig:Spine/mixamorig:Spine1/mixamorig:Spine2/mixamorig:LeftShoulder/mixamorig:LeftArm","mixamorig:Hips/mixamorig:Spine/mixamorig:Spine1/mixamorig:Spine2/mixamorig:LeftShoulder/mixamorig:LeftArm/mixamorig:LeftForeArm","mixamorig:Hips/mixamorig:Spine/mixamorig:Spine1/mixamorig:Spine2/mixamorig:LeftShoulder/mixamorig:LeftArm/mixamorig:LeftForeArm/mixamorig:LeftHand","mixamorig:Hips/mixamorig:Spine/mixamorig:Spine1/mixamorig:Spine2/mixamorig:LeftShoulder","mixamorig:Hips/mixamorig:Spine/mixamorig:Spine1/mixamorig:Spine2/mixamorig:LeftShoulder/mixamorig:LeftArm/mixamorig:LeftForeArm/mixamorig:LeftHand/mixamorig:LeftHandThumb1","mixamorig:Hips/mixamorig:Spine/mixamorig:Spine1/mixamorig:Spine2/mixamorig:LeftShoulder/mixamorig:LeftArm/mixamorig:LeftForeArm/mixamorig:LeftHand/mixamorig:LeftHandThumb1/mixamorig:LeftHandThumb2","mixamorig:Hips/mixamorig:Spine/mixamorig:Spine1/mixamorig:Spine2/mixamorig:LeftShoulder/mixamorig:LeftArm/mixamorig:LeftForeArm/mixamorig:LeftHand/mixamorig:LeftHandThumb1/mixamorig:LeftHandThumb2/mixamorig:LeftHandThumb3","mixamorig:Hips/mixamorig:Spine/mixamorig:Spine1/mixamorig:Spine2/mixamorig:LeftShoulder/mixamorig:LeftArm/mixamorig:LeftForeArm/mixamorig:LeftHand/mixamorig:LeftHandIndex1","mixamorig:Hips/mixamorig:Spine/mixamorig:Spine1/mixamorig:Spine2/mixamorig:LeftShoulder/mixamorig:LeftArm/mixamorig:LeftForeArm/mixamorig:LeftHand/mixamorig:LeftHandIndex1/mixamorig:LeftHandIndex2","mixamorig:Hips/mixamorig:Spine/mixamorig:Spine1/mixamorig:Spine2/mixamorig:LeftShoulder/mixamorig:LeftArm/mixamorig:LeftForeArm/mixamorig:LeftHand/mixamorig:LeftHandMiddle1","mixamorig:Hips/mixamorig:Spine/mixamorig:Spine1/mixamorig:Spine2/mixamorig:LeftShoulder/mixamorig:LeftArm/mixamorig:LeftForeArm/mixamorig:LeftHand/mixamorig:LeftHandPinky1","mixamorig:Hips/mixamorig:Spine/mixamorig:Spine1/mixamorig:Spine2/mixamorig:LeftShoulder/mixamorig:LeftArm/mixamorig:LeftForeArm/mixamorig:LeftHand/mixamorig:LeftHandRing1","mixamorig:Hips/mixamorig:Spine/mixamorig:Spine1/mixamorig:Spine2/mixamorig:LeftShoulder/mixamorig:LeftArm/mixamorig:LeftForeArm/mixamorig:LeftHand/mixamorig:LeftHandPinky1/mixamorig:LeftHandPinky2","mixamorig:Hips/mixamorig:Spine/mixamorig:Spine1/mixamorig:Spine2/mixamorig:LeftShoulder/mixamorig:LeftArm/mixamorig:LeftForeArm/mixamorig:LeftHand/mixamorig:LeftHandMiddle1/mixamorig:LeftHandMiddle2","mixamorig:Hips/mixamorig:Spine/mixamorig:Spine1/mixamorig:Spine2/mixamorig:LeftShoulder/mixamorig:LeftArm/mixamorig:LeftForeArm/mixamorig:LeftHand/mixamorig:LeftHandMiddle1/mixamorig:LeftHandMiddle2/mixamorig:LeftHandMiddle3","mixamorig:Hips/mixamorig:Spine/mixamorig:Spine1/mixamorig:Spine2/mixamorig:LeftShoulder/mixamorig:LeftArm/mixamorig:LeftForeArm/mixamorig:LeftHand/mixamorig:LeftHandRing1/mixamorig:LeftHandRing2","mixamorig:Hips/mixamorig:Spine/mixamorig:Spine1/mixamorig:Spine2/mixamorig:LeftShoulder/mixamorig:LeftArm/mixamorig:LeftForeArm/mixamorig:LeftHand/mixamorig:LeftHandRing1/mixamorig:LeftHandRing2/mixamorig:LeftHandRing3","mixamorig:Hips/mixamorig:Spine/mixamorig:Spine1/mixamorig:Spine2/mixamorig:LeftShoulder/mixamorig:LeftArm/mixamorig:LeftForeArm/mixamorig:LeftHand/mixamorig:LeftHandIndex1/mixamorig:LeftHandIndex2/mixamorig:LeftHandIndex3","mixamorig:Hips/mixamorig:Spine/mixamorig:Spine1/mixamorig:Spine2/mixamorig:LeftShoulder/mixamorig:LeftArm/mixamorig:LeftForeArm/mixamorig:LeftHand/mixamorig:LeftHandPinky1/mixamorig:LeftHandPinky2/mixamorig:LeftHandPinky3","mixamorig:Hips/mixamorig:Spine/mixamorig:Spine1","mixamorig:Hips/mixamorig:Spine/mixamorig:Spine1/mixamorig:Spine2/mixamorig:Neck","mixamorig:Hips/mixamorig:Spine/mixamorig:Spine1/mixamorig:Spine2/mixamorig:Neck/mixamorig:Head","mixamorig:Hips/mixamorig:Spine/mixamorig:Spine1/mixamorig:Spine2/mixamorig:RightShoulder","mixamorig:Hips","mixamorig:Hips/mixamorig:Spine","mixamorig:Hips/mixamorig:LeftUpLeg","mixamorig:Hips/mixamorig:RightUpLeg","mixamorig:Hips/mixamorig:RightUpLeg/mixamorig:RightLeg","mixamorig:Hips/mixamorig:Spine/mixamorig:Spine1/mixamorig:Spine2/mixamorig:RightShoulder/mixamorig:RightArm/mixamorig:RightForeArm/mixamorig:RightHand/mixamorig:RightHandPinky1","mixamorig:Hips/mixamorig:Spine/mixamorig:Spine1/mixamorig:Spine2/mixamorig:RightShoulder/mixamorig:RightArm/mixamorig:RightForeArm/mixamorig:RightHand/mixamorig:RightHandThumb1","mixamorig:Hips/mixamorig:Spine/mixamorig:Spine1/mixamorig:Spine2/mixamorig:RightShoulder/mixamorig:RightArm/mixamorig:RightForeArm/mixamorig:RightHand/mixamorig:RightHandThumb1/mixamorig:RightHandThumb2","mixamorig:Hips/mixamorig:Spine/mixamorig:Spine1/mixamorig:Spine2/mixamorig:RightShoulder/mixamorig:RightArm/mixamorig:RightForeArm/mixamorig:RightHand/mixamorig:RightHandThumb1/mixamorig:RightHandThumb2/mixamorig:RightHandThumb3","mixamorig:Hips/mixamorig:Spine/mixamorig:Spine1/mixamorig:Spine2/mixamorig:RightShoulder/mixamorig:RightArm/mixamorig:RightForeArm/mixamorig:RightHand/mixamorig:RightHandMiddle1","mixamorig:Hips/mixamorig:Spine/mixamorig:Spine1/mixamorig:Spine2/mixamorig:RightShoulder/mixamorig:RightArm/mixamorig:RightForeArm/mixamorig:RightHand/mixamorig:RightHandIndex1","mixamorig:Hips/mixamorig:Spine/mixamorig:Spine1/mixamorig:Spine2/mixamorig:RightShoulder/mixamorig:RightArm/mixamorig:RightForeArm/mixamorig:RightHand/mixamorig:RightHandRing1","mixamorig:Hips/mixamorig:Spine/mixamorig:Spine1/mixamorig:Spine2/mixamorig:RightShoulder/mixamorig:RightArm/mixamorig:RightForeArm/mixamorig:RightHand/mixamorig:RightHandMiddle1/mixamorig:RightHandMiddle2","mixamorig:Hips/mixamorig:Spine/mixamorig:Spine1/mixamorig:Spine2/mixamorig:RightShoulder/mixamorig:RightArm/mixamorig:RightForeArm/mixamorig:RightHand/mixamorig:RightHandMiddle1/mixamorig:RightHandMiddle2/mixamorig:RightHandMiddle3","mixamorig:Hips/mixamorig:Spine/mixamorig:Spine1/mixamorig:Spine2/mixamorig:RightShoulder/mixamorig:RightArm/mixamorig:RightForeArm/mixamorig:RightHand/mixamorig:RightHandRing1/mixamorig:RightHandRing2","mixamorig:Hips/mixamorig:Spine/mixamorig:Spine1/mixamorig:Spine2/mixamorig:RightShoulder/mixamorig:RightArm/mixamorig:RightForeArm/mixamorig:RightHand/mixamorig:RightHandRing1/mixamorig:RightHandRing2/mixamorig:RightHandRing3","mixamorig:Hips/mixamorig:Spine/mixamorig:Spine1/mixamorig:Spine2/mixamorig:RightShoulder/mixamorig:RightArm/mixamorig:RightForeArm/mixamorig:RightHand/mixamorig:RightHandIndex1/mixamorig:RightHandIndex2","mixamorig:Hips/mixamorig:Spine/mixamorig:Spine1/mixamorig:Spine2/mixamorig:RightShoulder/mixamorig:RightArm/mixamorig:RightForeArm/mixamorig:RightHand/mixamorig:RightHandIndex1/mixamorig:RightHandIndex2/mixamorig:RightHandIndex3","mixamorig:Hips/mixamorig:Spine/mixamorig:Spine1/mixamorig:Spine2/mixamorig:RightShoulder/mixamorig:RightArm/mixamorig:RightForeArm/mixamorig:RightHand/mixamorig:RightHandPinky1/mixamorig:RightHandPinky2","mixamorig:Hips/mixamorig:Spine/mixamorig:Spine1/mixamorig:Spine2/mixamorig:RightShoulder/mixamorig:RightArm/mixamorig:RightForeArm/mixamorig:RightHand/mixamorig:RightHandPinky1/mixamorig:RightHandPinky2/mixamorig:RightHandPinky3"],[[[7,-0.04616052284836769,-0.5942400693893433,0.8029620051383972,0,0.06788469105958939,-0.8038266897201538,-0.5909774303436279,0,0.996624767780304,0.027229001745581627,0.07744486629962921,0,-0.007857655175030231,0.14640426635742188,0.13256649672985077,1],[7,0.045569032430648804,-0.4664393365383148,0.8833786249160767,0,0.19042353332042694,-0.8640264868736267,-0.4660440683364868,0,0.9806438684463501,0.18945325911045074,0.049448177218437195,0,-0.02530105598270893,0.13043484091758728,0.11420756578445435,1],[7,-0.052929870784282684,-0.45430541038513184,0.8892722129821777,0,0.16366766393184662,-0.8824250102043152,-0.44106578826904297,0,0.9850945472717285,0.12219955027103424,0.12106174230575562,0,-0.02716263383626938,0.09624002128839493,0.11097314953804016,1],[7,1,0,0,0,0,0.997431218624115,-0.07163035869598389,0,0,0.07163035869598389,0.997431218624115,0,0.0005170019576326013,-0.1856686919927597,0.02102050930261612,1],[7,-0.02318153716623783,0.594049870967865,-0.804094135761261,0,-0.06328576058149338,-0.8035690784454346,-0.5918375253677368,0,-0.9977262020111084,0.037168003618717194,0.056222863495349884,0,0.006860049907118082,0.1470208466053009,0.131768137216568,1],[7,0.051628682762384415,0.468234658241272,-0.8820945620536804,0,-0.16373150050640106,-0.8673519492149353,-0.46999213099479675,0,-0.9851530194282532,0.1686917245388031,0.03188452497124672,0,0.02123878337442875,0.1311814934015274,0.11379947513341904,1],[7,-0.0741637721657753,0.4635313153266907,-0.8829714059829712,0,-0.187203511595726,-0.8761404752731323,-0.4442214369773865,0,-0.9795175194740295,0.13235020637512207,0.15175257623195648,0,0.03144177049398422,0.09532580524682999,0.11010701954364777,1],[7,0.04806637018918991,0.8840011358261108,-0.46500709652900696,0,0.07149583846330643,-0.46739599108695984,-0.8811522722244263,0,-0.9962821006774902,0.009107719175517559,-0.08566842973232269,0,-0.020961733534932137,0.08973108232021332,0.18141426146030426,1],[7,0.07029183208942413,0.06684870272874832,-0.9952840209007263,0,-0.44474396109580994,-0.8909968733787537,-0.09125420451164246,0,-0.8928952217102051,0.44906097650527954,-0.03289924934506416,0,0.060387156903743744,0.11347746849060059,0.06777600944042206,1],[7,0.07029183208942413,0.1402703821659088,-0.9876149296760559,0,-0.44474396109580994,-0.8818085193634033,-0.1568966656923294,0,-0.8928952217102051,0.4502643346786499,0.0004004680668003857,0,0.0615462027490139,0.10384635627269745,0.0756630003452301,1],[7,0.07029183208942413,0.3206915855407715,-0.944571852684021,0,-0.44474396109580994,-0.8375163674354553,-0.31744152307510376,0,-0.8928952217102051,0.44240617752075195,0.08375508338212967,0,0.06126978620886803,0.08285023272037506,0.0926026999950409,1],[7,-0.08698349446058273,0.20916131138801575,-0.9740048050880432,0,-0.1628466099500656,-0.967544674873352,-0.1932310312986374,0,-0.9828096628189087,0.1418054699897766,0.11822162568569183,0,0.03399649262428284,0.10994119197130203,0.08446354418992996,1],[7,-0.08698349446058273,0.0002424876147415489,-0.9962097406387329,0,-0.1628466099500656,-0.986552357673645,0.01397872343659401,0,-0.9828096628189087,0.16344529390335083,0.08585326373577118,0,0.03393087163567543,0.12035287171602249,0.06057022884488106,1],[7,-0.19038809835910797,0.11021377146244049,-0.975502610206604,0,0.04339272528886795,-0.991762101650238,-0.1205197274684906,0,-0.9807494282722473,-0.06527523696422577,0.1840372234582901,0,0.011212887242436409,0.11796838790178299,0.07574132829904556,1],[7,-0.21594224870204926,-0.01656310446560383,-0.9762656688690186,0,0.09733136743307114,-0.9952412247657776,-0.004643890541046858,0,-0.9715428948402405,-0.09602408111095428,0.21652673184871674,0,-0.0008029656601138413,0.12814019620418549,0.06076576188206673,1],[7,-0.21376781165599823,0.07653311640024185,-0.9738819003105164,0,0.0926901325583458,-0.9908396005630493,-0.09821129590272903,0,-0.9724771976470947,-0.11126366257667542,0.20471574366092682,0,0.003104681149125099,0.12034230679273605,0.07257822901010513,1],[7,-0.21594224870204926,-0.2102900594472885,-0.9534920454025269,0,0.09733136743307114,-0.9763043522834778,0.19327811896800995,0,-0.9715428948402405,-0.0510677732527256,0.23129317164421082,0,-0.0007986557320691645,0.13320878148078918,0.03498527780175209,1],[7,-0.19038809835910797,-0.14404475688934326,-0.9710836410522461,0,0.04339272528886795,-0.9894447922706604,0.1382608711719513,0,-0.9807494282722473,-0.01581474207341671,0.1946289986371994,0,0.01120314933359623,0.12875273823738098,0.044152069836854935,1],[7,-0.19038809835910797,-0.11735060065984726,-0.9746698141098022,0,0.04339272528886795,-0.9928653240203857,0.11106518656015396,0,-0.9807494282722473,-0.021148089319467545,0.19412189722061157,0,0.011210164055228233,0.1228889673948288,0.04754120111465454,1],[7,-0.21376781165599823,-0.13509778678417206,-0.9674977660179138,0,0.0926901325583458,-0.9887279272079468,0.11758247762918472,0,-0.9724771976470947,-0.06454215198755264,0.22388043999671936,0,0.0031134230084717274,0.12893818318843842,0.045874591916799545,1],[7,-0.21376781165599823,-0.19965845346450806,-0.9562634825706482,0,0.0926901325583458,-0.978620171546936,0.18360590934753418,0,-0.9724771976470947,-0.04938715696334839,0.22770385444164276,0,0.00311083416454494,0.12770399451255798,0.037396982312202454,1],[7,-0.08698349446058273,0.07828094810247421,-0.9931293725967407,0,-0.1628466099500656,-0.9846157431602478,-0.06334692239761353,0,-0.9828096628189087,0.15621761977672577,0.09839310497045517,0,0.03398672118782997,0.11046722531318665,0.0694371834397316,1],[7,-0.21594224870204926,-0.2760862410068512,-0.9365603923797607,0,0.09733136743307114,-0.9605004787445068,0.26070186495780945,0,-0.9715428948402405,-0.03486016020178795,0.23428449034690857,0,-0.000802447204478085,0.13164880871772766,0.025893179699778557,1],[7,1,0,0,0,0,0.997431218624115,-0.07163035869598389,0,0,0.07163035869598389,0.997431218624115,0,0.0005170019576326013,-0.16777628660202026,0.02102050930261612,1],[7,1,0,0,0,0,1,2.7755575615628914e-17,0,0,-2.7755575615628914e-17,1,0,0.0005170019576326013,-0.20677471160888672,0.006225153338164091,1],[7,1,0,0,0,0,1,2.7755575615628914e-17,0,0,-2.7755575615628914e-17,1,0,0.0005170019576326013,-0.21854189038276672,0.003939399961382151,1],[7,0.02766413800418377,-0.8840011358261108,0.46666550636291504,0,-0.07175031304359436,-0.4673960208892822,-0.8811315894126892,0,0.9970389008522034,-0.009107651188969612,-0.07635746896266937,0,0.02105419896543026,0.08870363235473633,0.1819499433040619,1],[7,1,0,0,0,0,1,0,0,0,0,1,0,0.0005170019576326013,-0.13985052704811096,0.011031302623450756,1],[7,1,0,0,0,0,0.997431218624115,-0.07163034379482269,0,0,0.07163034379482269,0.997431218624115,0,0.0005170019576326013,-0.1521204262971878,0.02102050743997097,1],[7,-0.9998919367790222,0.014702435582876205,-5.7515012717723746e-12,0,-0.014701333828270435,-0.9998169541358948,-0.012244015000760555,0,-0.0001800168538466096,-0.012242691591382027,0.9999250173568726,0,0.018226144835352898,0.13202987611293793,0.010485352948307991,1],[7,-0.9998919367790222,-0.014699325896799564,-2.37413105667883e-12,0,0.014695113524794579,-0.9996054172515869,0.023938152939081192,0,-0.000351874710759148,0.02393556572496891,0.9997134208679199,0,-0.01926449127495289,0.13234557211399078,0.007285275496542454,1],[7,-0.9989461302757263,-0.04589523747563362,0.0005411952151916921,0,0.045885276049375534,-0.9983081817626953,0.03571183606982231,0,-0.0010987237328663468,0.0356990322470665,0.9993619918823242,0,-0.021189970895648003,0.0614459291100502,0.006561213172972202,1],[7,-0.1806771606206894,-0.06544651836156845,0.9813625812530518,0,-0.09559939056634903,-0.991890549659729,-0.08374927937984467,0,0.9788853526115417,-0.10894924402236938,0.17295531928539276,0,0.002450661500915885,0.1224069893360138,0.07185779511928558,1],[7,0.10103698819875717,-0.07147673517465591,0.9923117756843567,0,0.44758525490760803,-0.887511670589447,-0.10950097441673279,0,0.888515055179596,0.4552077651023865,-0.05767957493662834,0,-0.05883890017867088,0.11290069669485092,0.07120301574468613,1],[7,0.10103698819875717,-0.1270190328359604,0.9867409467697144,0,0.44758525490760803,-0.8799731731414795,-0.1591055989265442,0,0.888515055179596,0.45772626996040344,-0.0320579931139946,0,-0.05983128771185875,0.10464448481798172,0.07719361037015915,1],[7,0.10103698819875717,-0.2241741567850113,0.9692974090576172,0,0.44758525490760803,-0.8598755598068237,-0.24552273750305176,0,0.888515055179596,0.4586501121520996,0.013457811437547207,0,-0.059746019542217255,0.09106270968914032,0.08664385229349136,1],[7,-0.12860174477100372,-0.13415054976940155,0.9825809001922607,0,0.01288785319775343,-0.9909506440162659,-0.13360647857189178,0,0.9916125535964966,-0.0045186677016317844,0.12916690111160278,0,-0.014417913742363453,0.11608366668224335,0.07913155108690262,1],[7,-0.04764208570122719,-0.16977368295192719,0.9843307733535767,0,0.1739204078912735,-0.9718067646026611,-0.15919575095176697,0,0.9836065769195557,0.1636107861995697,0.0758260115981102,0,-0.03305668756365776,0.11055826395750046,0.08216670900583267,1],[7,-0.15380698442459106,-0.10616202652454376,0.982381284236908,0,-0.03910704702138901,-0.992778480052948,-0.11340842396020889,0,0.9873267412185669,-0.055861037224531174,0.148544579744339,0,-0.0062405760399997234,0.1179957389831543,0.07607124000787735,1],[7,-0.12860174477100372,0.14625252783298492,0.9808526039123535,0,0.01288785319775343,-0.9887354373931885,0.14911767840385437,0,0.9916125535964966,0.03181787580251694,0.12526822090148926,0,-0.014338386245071888,0.12892216444015503,0.044836513698101044,1],[7,-0.12860174477100372,0.08016537874937057,0.9884508848190308,0,0.01288785319775343,-0.9965081214904785,0.08249560743570328,0,0.9916125535964966,0.023348089307546616,0.1271195262670517,0,-0.014394640922546387,0.1210935041308403,0.053074244409799576,1],[7,-0.15380698442459106,0.10808956623077393,0.9821711182594299,0,-0.03910704702138901,-0.99388587474823,0.10325467586517334,0,0.9873267412185669,-0.022528519853949547,0.15709364414215088,0,-0.006188979372382164,0.12783470749855042,0.049683962017297745,1],[7,-0.15380698442459106,0.2298240214586258,0.9610017538070679,0,-0.03910704702138901,-0.9732283353805542,0.22648899257183075,0,0.9873267412185669,-0.0027463496662676334,0.15867705643177032,0,-0.006199062801897526,0.12935125827789307,0.033804625272750854,1],[7,-0.04764208570122719,0.04034188762307167,0.9980494976043701,0,0.1739204078912735,-0.983586311340332,0.04805940017104149,0,0.9836065769195557,0.17587082087993622,0.03984382376074791,0,-0.03293414041399956,0.12098263204097748,0.05809617415070534,1],[7,-0.04764208570122719,0.07544642686843872,0.9960110783576965,0,0.1739204078912735,-0.9812852144241333,0.0826500803232193,0,0.9836065769195557,0.17716427147388458,0.03362880274653435,0,-0.03298426419496536,0.11883022636175156,0.05394699424505234,1],[7,-0.1806771606206894,0.2509671449661255,0.9509843587875366,0,-0.09559939056634903,-0.9667999744415283,0.23697803914546967,0,0.9788853526115417,-0.04809700325131416,0.19867098331451416,0,0.002492692554369569,0.134622260928154,0.030515026301145554,1],[7,-0.1806771606206894,0.25341182947158813,0.9503358602523804,0,-0.09559939056634903,-0.9661873579025269,0.2394634336233139,0,0.9788853526115417,-0.047585949301719666,0.19879400730133057,0,0.0024742598179727793,0.13113413751125336,0.030177906155586243,1]],8,8,8,8,8,8,8,8,8,8,8,8,8,8,8,8,8,8,8,8,8,8,8,8,8,8,8,8,8,8,8,8,8,8,8,8,8,8,8,8,8,8,8,8,8,8,8]]],0,0,[],[],[]]
