[1,0,0,[["cc.Skeleton",["_name","_hash","_joints","_bindposes"],0,12]],[[0,0,1,2,3,4]],[[0,"Armature",3265499036,["Armature/Hips","Armature/Hips/Spine","Armature/Hips/Spine/Spine1","Armature/Hips/Spine/Spine1/Spine2","Armature/Hips/Spine/Spine1/Spine2/Neck","Armature/Hips/Spine/Spine1/Spine2/Neck/Head","Armature/Hips/Spine/Spine1/Spine2/Neck/Head/HeadTop_End","Armature/Hips/Spine/Spine1/Spine2/LeftShoulder","Armature/Hips/Spine/Spine1/Spine2/LeftShoulder/LeftArm","Armature/Hips/Spine/Spine1/Spine2/LeftShoulder/LeftArm/LeftForeArm","Armature/Hips/Spine/Spine1/Spine2/LeftShoulder/LeftArm/LeftForeArm/LeftHand","Armature/Hips/Spine/Spine1/Spine2/LeftShoulder/LeftArm/LeftForeArm/LeftHand/LeftHandThumb1","Armature/Hips/Spine/Spine1/Spine2/LeftShoulder/LeftArm/LeftForeArm/LeftHand/LeftHandThumb1/LeftHandThumb2","Armature/Hips/Spine/Spine1/Spine2/LeftShoulder/LeftArm/LeftForeArm/LeftHand/LeftHandThumb1/LeftHandThumb2/LeftHandThumb3","Armature/Hips/Spine/Spine1/Spine2/LeftShoulder/LeftArm/LeftForeArm/LeftHand/LeftHandThumb1/LeftHandThumb2/LeftHandThumb3/LeftHandThumb4","Armature/Hips/Spine/Spine1/Spine2/LeftShoulder/LeftArm/LeftForeArm/LeftHand/LeftHandIndex1","Armature/Hips/Spine/Spine1/Spine2/LeftShoulder/LeftArm/LeftForeArm/LeftHand/LeftHandIndex1/LeftHandIndex2","Armature/Hips/Spine/Spine1/Spine2/LeftShoulder/LeftArm/LeftForeArm/LeftHand/LeftHandIndex1/LeftHandIndex2/LeftHandIndex3","Armature/Hips/Spine/Spine1/Spine2/LeftShoulder/LeftArm/LeftForeArm/LeftHand/LeftHandIndex1/LeftHandIndex2/LeftHandIndex3/LeftHandIndex4","Armature/Hips/Spine/Spine1/Spine2/LeftShoulder/LeftArm/LeftForeArm/LeftHand/LeftHandMiddle1","Armature/Hips/Spine/Spine1/Spine2/LeftShoulder/LeftArm/LeftForeArm/LeftHand/LeftHandMiddle1/LeftHandMiddle2","Armature/Hips/Spine/Spine1/Spine2/LeftShoulder/LeftArm/LeftForeArm/LeftHand/LeftHandMiddle1/LeftHandMiddle2/LeftHandMiddle3","Armature/Hips/Spine/Spine1/Spine2/LeftShoulder/LeftArm/LeftForeArm/LeftHand/LeftHandMiddle1/LeftHandMiddle2/LeftHandMiddle3/LeftHandMiddle4","Armature/Hips/Spine/Spine1/Spine2/LeftShoulder/LeftArm/LeftForeArm/LeftHand/LeftHandRing1","Armature/Hips/Spine/Spine1/Spine2/LeftShoulder/LeftArm/LeftForeArm/LeftHand/LeftHandRing1/LeftHandRing2","Armature/Hips/Spine/Spine1/Spine2/LeftShoulder/LeftArm/LeftForeArm/LeftHand/LeftHandRing1/LeftHandRing2/LeftHandRing3","Armature/Hips/Spine/Spine1/Spine2/LeftShoulder/LeftArm/LeftForeArm/LeftHand/LeftHandRing1/LeftHandRing2/LeftHandRing3/LeftHandRing4","Armature/Hips/Spine/Spine1/Spine2/LeftShoulder/LeftArm/LeftForeArm/LeftHand/LeftHandPinky1","Armature/Hips/Spine/Spine1/Spine2/LeftShoulder/LeftArm/LeftForeArm/LeftHand/LeftHandPinky1/LeftHandPinky2","Armature/Hips/Spine/Spine1/Spine2/LeftShoulder/LeftArm/LeftForeArm/LeftHand/LeftHandPinky1/LeftHandPinky2/LeftHandPinky3","Armature/Hips/Spine/Spine1/Spine2/LeftShoulder/LeftArm/LeftForeArm/LeftHand/LeftHandPinky1/LeftHandPinky2/LeftHandPinky3/LeftHandPinky4","Armature/Hips/Spine/Spine1/Spine2/RightShoulder","Armature/Hips/Spine/Spine1/Spine2/RightShoulder/RightArm","Armature/Hips/Spine/Spine1/Spine2/RightShoulder/RightArm/RightForeArm","Armature/Hips/Spine/Spine1/Spine2/RightShoulder/RightArm/RightForeArm/RightHand","Armature/Hips/Spine/Spine1/Spine2/RightShoulder/RightArm/RightForeArm/RightHand/RightHandThumb1","Armature/Hips/Spine/Spine1/Spine2/RightShoulder/RightArm/RightForeArm/RightHand/RightHandThumb1/RightHandThumb2","Armature/Hips/Spine/Spine1/Spine2/RightShoulder/RightArm/RightForeArm/RightHand/RightHandThumb1/RightHandThumb2/RightHandThumb3","Armature/Hips/Spine/Spine1/Spine2/RightShoulder/RightArm/RightForeArm/RightHand/RightHandThumb1/RightHandThumb2/RightHandThumb3/RightHandThumb4","Armature/Hips/Spine/Spine1/Spine2/RightShoulder/RightArm/RightForeArm/RightHand/RightHandIndex1","Armature/Hips/Spine/Spine1/Spine2/RightShoulder/RightArm/RightForeArm/RightHand/RightHandIndex1/RightHandIndex2","Armature/Hips/Spine/Spine1/Spine2/RightShoulder/RightArm/RightForeArm/RightHand/RightHandIndex1/RightHandIndex2/RightHandIndex3","Armature/Hips/Spine/Spine1/Spine2/RightShoulder/RightArm/RightForeArm/RightHand/RightHandIndex1/RightHandIndex2/RightHandIndex3/RightHandIndex4","Armature/Hips/Spine/Spine1/Spine2/RightShoulder/RightArm/RightForeArm/RightHand/RightHandMiddle1","Armature/Hips/Spine/Spine1/Spine2/RightShoulder/RightArm/RightForeArm/RightHand/RightHandMiddle1/RightHandMiddle2","Armature/Hips/Spine/Spine1/Spine2/RightShoulder/RightArm/RightForeArm/RightHand/RightHandMiddle1/RightHandMiddle2/RightHandMiddle3","Armature/Hips/Spine/Spine1/Spine2/RightShoulder/RightArm/RightForeArm/RightHand/RightHandMiddle1/RightHandMiddle2/RightHandMiddle3/RightHandMiddle4","Armature/Hips/Spine/Spine1/Spine2/RightShoulder/RightArm/RightForeArm/RightHand/RightHandRing1","Armature/Hips/Spine/Spine1/Spine2/RightShoulder/RightArm/RightForeArm/RightHand/RightHandRing1/RightHandRing2","Armature/Hips/Spine/Spine1/Spine2/RightShoulder/RightArm/RightForeArm/RightHand/RightHandRing1/RightHandRing2/RightHandRing3","Armature/Hips/Spine/Spine1/Spine2/RightShoulder/RightArm/RightForeArm/RightHand/RightHandRing1/RightHandRing2/RightHandRing3/RightHandRing4","Armature/Hips/Spine/Spine1/Spine2/RightShoulder/RightArm/RightForeArm/RightHand/RightHandPinky1","Armature/Hips/Spine/Spine1/Spine2/RightShoulder/RightArm/RightForeArm/RightHand/RightHandPinky1/RightHandPinky2","Armature/Hips/Spine/Spine1/Spine2/RightShoulder/RightArm/RightForeArm/RightHand/RightHandPinky1/RightHandPinky2/RightHandPinky3","Armature/Hips/Spine/Spine1/Spine2/RightShoulder/RightArm/RightForeArm/RightHand/RightHandPinky1/RightHandPinky2/RightHandPinky3/RightHandPinky4","Armature/Hips/LeftUpLeg","Armature/Hips/LeftUpLeg/LeftLeg","Armature/Hips/LeftUpLeg/LeftLeg/LeftFoot","Armature/Hips/LeftUpLeg/LeftLeg/LeftFoot/LeftToeBase","Armature/Hips/LeftUpLeg/LeftLeg/LeftFoot/LeftToeBase/LeftToe_End","Armature/Hips/RightUpLeg","Armature/Hips/RightUpLeg/RightLeg","Armature/Hips/RightUpLeg/RightLeg/RightFoot","Armature/Hips/RightUpLeg/RightLeg/RightFoot/RightToeBase","Armature/Hips/RightUpLeg/RightLeg/RightFoot/RightToeBase/RightToe_End"],[[[7,1,0,0,0,0,1,-1.5672144115796982e-7,0,0,2.384185791015625e-7,1,0,-0.000029296874345163815,-0.965440571308136,-0.059613894671201706,1],[7,1,0,0,0,0,0.9843459725379944,0.17624694108963013,0,0,-0.17624685168266296,0.9843460321426392,0,-0.000029296874345163815,-1.0156426429748535,-0.2288368046283722,1],[7,1,0,0,0,0,0.9843459725379944,0.17624717950820923,0,0,-0.17624709010124207,0.9843460321426392,0,-0.000029296874345163815,-1.1041014194488525,-0.22883707284927368,1],[7,1,0,0,0,0,0.9843459725379944,0.1762470006942749,0,0,-0.17624691128730774,0.9843460321426392,0,-0.000029296874345163815,-1.2051970958709717,-0.22883684933185577,1],[7,1,0,0,0,0,1,-1.4901161193847656e-7,0,0,2.5331974029541016e-7,1,0,-0.000029296874345163815,-1.3386150598526,0.007202989421784878,1],[7,1,0,0,0,0,1,-1.6308848671542364e-7,0,0,2.6739661507235724e-7,1,0,-0.000029296874345163815,-1.42720627784729,-0.019803281873464584,1],[7,1,0,0,0,0,1,-1.7012692410389718e-7,0,0,2.744350524608308e-7,1,0,-0.000029296874345163815,-1.6914037466049194,-0.03508584201335907,1],[7,-0.05299169197678566,0.9245979189872742,-0.3772410750389099,0,-0.1748920977115631,-0.3805260956287384,-0.9080819487571716,0,-0.9831607937812805,0.01785578392446041,0.1818694919347763,0,0.22716118395328522,0.4570585787296295,1.2181570529937744,1],[7,-0.07915674895048141,0.9948896765708923,-0.06268146634101868,0,-0.16404493153095245,-0.07502184808254242,-0.9835960865020752,0,-0.983272135257721,-0.06757556647062302,0.16914498805999756,0,0.21676485240459442,-0.03841467574238777,1.2725749015808105,1],[7,0.038294218480587006,0.9987947344779968,-0.030702827498316765,0,-0.17172369360923767,-0.023690488189458847,-0.9848604202270508,0,-0.9844009876251221,0.042987022548913956,0.17060942947864532,0,0.18909139931201935,-0.2872971296310425,1.2640202045440674,1],[7,-0.028577426448464394,0.9983507394790649,-0.04978946968913078,0,-0.018736034631729126,-0.05033600702881813,-0.9985567331314087,0,-0.9994163513183594,-0.02760319970548153,0.020143495872616768,0,0.034721411764621735,-0.520652174949646,1.29164719581604,1],[7,0.5255258679389954,0.8070599436759949,-0.2692147493362427,0,-0.043344296514987946,-0.29062485694885254,-0.9558550715446472,0,-0.8496730923652649,0.5139957070350647,-0.11774958670139313,0,-0.24809999763965607,-0.1459609568119049,1.365262746810913,1],[7,0.5255258679389954,0.7488815784454346,-0.403731107711792,0,-0.04334321245551109,-0.4503609836101532,-0.8917941451072693,0,-0.8496730327606201,0.48616015911102295,-0.20421762764453888,0,-0.24056538939476013,0.05576638504862785,1.3761097192764282,1],[7,0.5255253314971924,0.7886806726455688,-0.31907030940055847,0,-0.04334298521280289,-0.3497278392314911,-0.9358484148979187,0,-0.8496734499931335,0.5056418180465698,-0.14960725605487823,0,-0.24265745282173157,-0.1272692084312439,1.3704216480255127,1],[7,0.5255253911018372,0.7886806726455688,-0.3190702199935913,0,-0.04334285110235214,-0.3497278690338135,-0.9358484745025635,0,-0.8496734499931335,0.5056418776512146,-0.14960737526416779,0,-0.24810144305229187,-0.15248195827007294,1.3704215288162231,1],[7,0.0969720110297203,0.9908837080001831,-0.09351878613233566,0,-0.024906666949391365,-0.09151621162891388,-0.9954922795295715,0,-0.994975745677948,0.09886427968740463,0.01580498181283474,0,-0.007840373553335667,-0.5661038756370544,1.3166664838790894,1],[7,0.09697209298610687,0.9629060626029968,-0.2518099844455719,0,-0.024906642735004425,-0.25057539343833923,-0.967776894569397,0,-0.9949756860733032,0.1001192033290863,-0.00031619908986613154,0,-0.00797556433826685,-0.378531813621521,1.3958063125610352,1],[7,0.09697175025939941,0.95683753490448,-0.27396777272224426,0,-0.024906836450099945,-0.27284592390060425,-0.9617356061935425,0,-0.994975745677948,0.10008495301008224,-0.002626694506034255,0,-0.007914907298982143,-0.37541329860687256,1.4048454761505127,1],[7,0.09697181731462479,0.9568390250205994,-0.2739628255367279,0,-0.02490672469139099,-0.2728410065174103,-0.9617369771003723,0,-0.994975745677948,0.10008500516414642,-0.0026263014879077673,0,-0.007840164937078953,-0.4007917046546936,1.4048436880111694,1],[7,0.04437543824315071,0.9906007051467896,-0.12938733398914337,0,-0.022360635921359062,-0.12849755585193634,-0.9914579391479492,0,-0.9987651109695435,0.04688969627022743,0.01644819602370262,0,-0.000938731012865901,-0.5190203785896301,1.340220332145691,1],[7,0.04437541216611862,0.9497818350791931,-0.30975037813186646,0,-0.022360583767294884,-0.3090338408946991,-0.9507883787155151,0,-0.9987651109695435,0.04911794140934944,0.007524022366851568,0,-0.0009877131087705493,-0.2974433898925781,1.4193596839904785,1],[7,0.04437541589140892,0.9959455728530884,-0.07824941724538803,0,-0.022360511124134064,-0.07731668651103973,-0.9967560172080994,0,-0.9987651109695435,0.045981306582689285,0.018838774412870407,0,-0.000857459963299334,-0.6538636684417725,1.302295446395874,1],[7,0.044375594705343246,0.9959455132484436,-0.07824970036745071,0,-0.022360393777489662,-0.07731696963310242,-0.9967559576034546,0,-0.9987651109695435,0.045981477946043015,0.018838629126548767,0,-0.0009391499916091561,-0.6829312443733215,1.3022958040237427,1],[7,-0.024205071851611137,0.9833663702011108,-0.18001273274421692,0,-0.01895630545914173,-0.1804845631122589,-0.9833954572677612,0,-0.9995277523994446,-0.020390663295984268,0.02300950512290001,0,0.020099587738513947,-0.45149993896484375,1.3650362491607666,1],[7,-0.024205001071095467,0.9410284757614136,-0.33746030926704407,0,-0.018956299871206284,-0.3379305899143219,-0.9409804344177246,0,-0.9995277523994446,-0.01637934148311615,0.02601788565516472,0,0.020081786438822746,-0.25262102484703064,1.4250503778457642,1],[7,-0.0242050401866436,0.9925116896629333,-0.11972765624523163,0,-0.0189562626183033,-0.1201968863606453,-0.9925693273544312,0,-0.9995277523994446,-0.02175547182559967,0.021723560988903046,0,0.020137552171945572,-0.590420126914978,1.3269753456115723,1],[7,-0.02420503832399845,0.9925116896629333,-0.11972764134407043,0,-0.018956264480948448,-0.1201968714594841,-0.9925693273544312,0,-0.9995277523994446,-0.02175546996295452,0.021723562851548195,0,0.020099520683288574,-0.6145552396774292,1.3269752264022827,1],[7,-0.015174126252532005,0.9973499178886414,-0.07115346938371658,0,-0.019409984350204468,-0.07144203782081604,-0.9972561001777649,0,-0.9996968507766724,-0.013751274906098843,0.020442500710487366,0,-0.00740817142650485,-0.5911060571670532,1.3030997514724731,1],[7,-0.015173920430243015,0.9393267035484314,-0.34268781542778015,0,-0.019409995526075363,-0.34293943643569946,-0.9391571283340454,0,-0.9996968507766724,-0.007599035743623972,0.023435916751623154,0,-0.007461897563189268,-0.2344617247581482,1.4224237203598022,1],[7,-0.01517417374998331,0.9873784184455872,-0.1576496958732605,0,-0.019410209730267525,-0.15792900323867798,-0.9872598648071289,0,-0.9996968507766724,-0.01192072220146656,0.02156154066324234,0,-0.00739761209115386,-0.5231702923774719,1.3474828004837036,1],[7,-0.015174254775047302,0.9873775839805603,-0.15765561163425446,0,-0.01941020041704178,-0.15793493390083313,-0.9872589707374573,0,-0.9996968507766724,-0.01192067377269268,0.02156161516904831,0,-0.0074077993631362915,-0.5412902235984802,1.3474860191345215,1],[7,-0.08994697779417038,-0.9245980381965637,0.3701723515987396,0,0.17252548038959503,-0.3805249333381653,-0.908534824848175,0,0.9808894395828247,-0.017855985090136528,0.19374379515647888,0,-0.22422480583190918,0.4568539261817932,1.2187846899032593,1],[7,-0.05750776827335358,-0.9961951375007629,0.06548039615154266,0,0.18574760854244232,-0.07512024790048599,-0.9797216653823853,0,0.9809130430221558,-0.04417896270751953,0.18936079740524292,0,-0.23682469129562378,-0.03851675987243652,1.2690131664276123,1],[7,0.04022436961531639,-0.9986779093742371,0.03199345991015434,0,0.1922054886817932,-0.023687660694122314,-0.9810685515403748,0,0.9805299043655396,0.04561203345656395,0.19099852442741394,0,-0.21391278505325317,-0.2871294617652893,1.260089635848999,1],[7,-0.030640795826911926,-0.9982618689537048,0.05033562704920769,0,0.02355273626744747,-0.05106630548834801,-0.9984173774719238,0,0.9992529153823853,-0.029406948015093803,0.02507638931274414,0,-0.04205049201846123,-0.519627571105957,1.2918150424957275,1],[7,0.5592567324638367,-0.7856485843658447,0.26455146074295044,0,0.04898010194301605,-0.2872505187988281,-0.9566022157669067,0,0.8275462985038757,0.5479442477226257,-0.12216578423976898,0,0.2618178725242615,-0.13786964118480682,1.3634428977966309,1],[7,0.5592557787895203,-0.7255308032035828,0.4010448753833771,0,0.04897991940379143,-0.45400840044021606,-0.8896498084068298,0,0.8275468349456787,0.5171852111816406,-0.21837058663368225,0,0.2553160786628723,0.07365570217370987,1.3724571466445923,1],[7,0.5592557191848755,-0.7628876566886902,0.32439854741096497,0,0.048980530351400375,-0.36022353172302246,-0.9315789341926575,0,0.8275468349456787,0.5368803143501282,-0.16409063339233398,0,0.25949183106422424,-0.10000250488519669,1.3694285154342651,1],[7,0.5592557787895203,-0.7628889679908752,0.3243955075740814,0,0.04898048937320709,-0.3602198362350464,-0.9315804839134216,0,0.8275468945503235,0.5368810296058655,-0.16408850252628326,0,0.26181671023368835,-0.12701207399368286,1.3694281578063965,1],[7,0.11540298908948898,-0.9855504035949707,0.12398379296064377,0,0.030754558742046356,-0.12121272087097168,-0.9921499490737915,0,0.9928426146507263,0.11831000447273254,0.01632174290716648,0,0.013943410478532314,-0.5247406363487244,1.3341655731201172,1],[7,0.1154027208685875,-0.9634585380554199,0.24172154068946838,0,0.03075462020933628,-0.23976507782936096,-0.9703435897827148,0,0.9928426742553711,0.11941421031951904,0.00196116347797215,0,0.014039820991456509,-0.3915587067604065,1.3914189338684082,1],[7,0.115402951836586,-0.9455599784851074,0.30429917573928833,0,0.030754491686820984,-0.302797794342041,-0.9525584578514099,0,0.9928426146507263,0.11928647756576538,-0.005863630678504705,0,0.01401697937399149,-0.32926326990127563,1.4160224199295044,1],[7,0.11540305614471436,-0.9455612897872925,0.30429500341415405,0,0.03075452707707882,-0.30279359221458435,-0.952559769153595,0,0.9928425550460815,0.11928661912679672,-0.005863101687282324,0,0.01394346822053194,-0.3548581600189209,1.4160207509994507,1],[7,0.029050275683403015,-0.9960257411003113,0.08419066667556763,0,0.02656145580112934,-0.08342719078063965,-0.9961597919464111,0,0.9992251396179199,0.031174784526228905,0.024032190442085266,0,-0.015249859541654587,-0.578082799911499,1.313567876815796,1],[7,0.029050419107079506,-0.9532690644264221,0.30072128772735596,0,0.026561254635453224,-0.30000585317611694,-0.953567385673523,0,0.9992251396179199,0.035688888281583786,0.016604647040367126,0,-0.015186016447842121,-0.30920112133026123,1.4159404039382935,1],[7,0.029050400480628014,-0.9756674766540527,0.21732047200202942,0,0.02656129002571106,-0.21658198535442352,-0.9759028553962708,0,0.9992250800132751,0.034122515469789505,0.01962309516966343,0,-0.015240831300616264,-0.4622325003147125,1.381198525428772,1],[7,0.02905041165649891,-0.9756674766540527,0.21732045710086823,0,0.02656129188835621,-0.21658197045326233,-0.9759028553962708,0,0.9992250800132751,0.0341225266456604,0.01962309516966343,0,-0.01524956151843071,-0.4897371530532837,1.3811986446380615,1],[7,-0.025221720337867737,-0.9858489632606506,0.16572555899620056,0,0.02382957749068737,-0.16632403433322906,-0.985783040523529,0,0.9993978142738342,-0.020914176478981972,0.02768724039196968,0,-0.027222158387303352,-0.469280868768692,1.3582383394241333,1],[7,-0.02522176317870617,-0.9336162805557251,0.35738494992256165,0,0.023829543963074684,-0.3579586148262024,-0.9334332346916199,0,0.9993978142738342,-0.015026730485260487,0.03127593174576759,0,-0.027217136695981026,-0.2211942821741104,1.4302119016647339,1],[7,-0.02522180788218975,-0.9996124505996704,0.011770832352340221,0,0.02382950857281685,-0.012372388504445553,-0.9996394515037537,0,0.999397873878479,-0.02493240311741829,0.02413218840956688,0,-0.02724919654428959,-0.7305294871330261,1.254826307296753,1],[7,-0.02522180788218975,-0.9996124505996704,0.011770830489695072,0,0.02382950857281685,-0.012372386641800404,-0.9996394515037537,0,0.999397873878479,-0.02493240311741829,0.02413218840956688,0,-0.02722214348614216,-0.7570645213127136,1.254826307296753,1],[7,0.0015739410882815719,-0.9981352090835571,0.061014700680971146,0,0.025187376886606216,-0.060955774039030075,-0.9978224039077759,0,0.9996815323829651,0.0031071421690285206,0.02504434622824192,0,0.01180267333984375,-0.6036202311515808,1.2968381643295288,1],[7,0.001574236899614334,-0.9335196614265442,0.35852181911468506,0,0.025187455117702484,-0.3583714962005615,-0.9332389235496521,0,0.9996814727783203,0.010499192401766777,0.02294875867664814,0,0.011837869882583618,-0.2109658420085907,1.4264211654663086,1],[7,0.0015736662317067385,-0.9921085834503174,0.12536820769309998,0,0.025187747552990913,-0.12528924643993378,-0.9918002486228943,0,0.9996814727783203,0.004718326963484287,0.024791710078716278,0,0.011790691874921322,-0.5672252178192139,1.3294645547866821,1],[7,0.001573680667206645,-0.9921087026596069,0.1253681778907776,0,0.025187630206346512,-0.12528923153877258,-0.9918003082275391,0,0.9996815323829651,0.004718326497823,0.024791594594717026,0,0.011802146211266518,-0.5864823460578918,1.3294647932052612,1],[7,-0.9997725486755371,-0.02141745015978813,-0.000008346481990884058,0,0.02135908231139183,-0.9970840215682983,-0.0732673704624176,0,0.0015736476052552462,-0.07324748486280441,0.9973344802856445,0,0.07621291279792786,0.9271920323371887,0.013738036155700684,1],[7,-0.99866783618927,-0.051636215299367905,-0.000247544317971915,0,0.05149637162685394,-0.9956156015396118,-0.07809346914291382,0,0.003798653371632099,-0.07799848914146423,0.9969682693481445,0,0.060450609773397446,0.5221555233001709,0.016267847269773483,1],[7,-0.9959980845451355,-0.08788842707872391,0.01633823849260807,0,0.05705009400844574,-0.48423483967781067,0.8730765581130981,0,-0.0688106045126915,0.8705351948738098,0.4873164892196655,0,0.059105221182107925,0.046500299125909805,-0.05158323422074318,1],[7,-0.990679919719696,-0.12787924706935883,-0.04694550484418869,0,-0.04881827160716057,0.011538045480847359,0.9987414479255676,0,-0.12716619670391083,0.9917460083961487,-0.01767759397625923,0,0.06490287184715271,-0.0863448902964592,-0.0015376087976619601,1],[7,-0.9906800389289856,-0.12787874042987823,-0.04694512486457825,0,-0.04881787300109863,0.011538023129105568,0.9987415075302124,0,-0.12716571986675262,0.9917460680007935,-0.01767749711871147,0,0.06490280479192734,-0.13344337046146393,-0.0015376408118754625,1],[7,-0.9997727870941162,0.021404696628451347,-0.000015167614037636667,0,-0.021331382915377617,-0.996485710144043,-0.08100927621126175,0,-0.001763304229825735,-0.08098597079515457,0.9967405796051025,0,-0.07615965604782104,0.9275164604187012,0.015246547758579254,1],[7,-0.9986661672592163,0.05166565254330635,-0.0005370421567931771,0,-0.051497235894203186,-0.9961774349212646,-0.07056814432144165,0,-0.004195005167275667,-0.0704411119222641,0.997533917427063,0,-0.0603712797164917,0.5224403142929077,0.009770981967449188,1],[7,-0.9957684278488159,0.09105709940195084,-0.01255737990140915,0,-0.056760024279356,-0.5016874074935913,0.8631856441497803,0,0.0722871646285057,0.8602709770202637,0.5047394037246704,0,-0.05944428965449333,0.04255272448062897,-0.0535307452082634,1],[7,-0.9916257262229919,0.12510737776756287,0.03210333734750748,0,0.03377997502684593,0.011289309710264206,0.999366283416748,0,0.12465427070856094,0.9921073317527771,-0.015427197329699993,0,-0.0647144615650177,-0.08765315264463425,-0.0025264951400458813,1],[7,-0.9916256666183472,0.125107541680336,0.032103341072797775,0,0.03377997875213623,0.011289304122328758,0.999366283416748,0,0.12465440481901169,0.9921073317527771,-0.015427197329699993,0,-0.0647144764661789,-0.13579562306404114,-0.0025264942087233067,1]],8,8,8,8,8,8,8,8,8,8,8,8,8,8,8,8,8,8,8,8,8,8,8,8,8,8,8,8,8,8,8,8,8,8,8,8,8,8,8,8,8,8,8,8,8,8,8,8,8,8,8,8,8,8,8,8,8,8,8,8,8,8,8,8,8]]],0,0,[],[],[]]
