[1,0,0,[["cc.Skeleton",["_name","_hash","_joints","_bindposes"],0,12]],[[0,0,1,2,3,4]],[[0,"Skin-0",2964481556,["Sketchfab_model/Root/Armature/Armature_rootJoint","Sketchfab_model/Root/Armature/Armature_rootJoint/mixamorig_Hips_Armature","Sketchfab_model/Root/Armature/Armature_rootJoint/mixamorig_Hips_Armature/mixamorig_Spine_Armature","Sketchfab_model/Root/Armature/Armature_rootJoint/mixamorig_Hips_Armature/mixamorig_Spine_Armature/mixamorig_Spine1_Armature","Sketchfab_model/Root/Armature/Armature_rootJoint/mixamorig_Hips_Armature/mixamorig_Spine_Armature/mixamorig_Spine1_Armature/mixamorig_Spine2_Armature","Sketchfab_model/Root/Armature/Armature_rootJoint/mixamorig_Hips_Armature/mixamorig_Spine_Armature/mixamorig_Spine1_Armature/mixamorig_Spine2_Armature/mixamorig_Neck_Armature","Sketchfab_model/Root/Armature/Armature_rootJoint/mixamorig_Hips_Armature/mixamorig_Spine_Armature/mixamorig_Spine1_Armature/mixamorig_Spine2_Armature/mixamorig_Neck_Armature/mixamorig_Head_Armature","Sketchfab_model/Root/Armature/Armature_rootJoint/mixamorig_Hips_Armature/mixamorig_Spine_Armature/mixamorig_Spine1_Armature/mixamorig_Spine2_Armature/mixamorig_Neck_Armature/mixamorig_Head_Armature/mixamorig_HeadTop_End_Armature","Sketchfab_model/Root/Armature/Armature_rootJoint/mixamorig_Hips_Armature/mixamorig_Spine_Armature/mixamorig_Spine1_Armature/mixamorig_Spine2_Armature/mixamorig_LeftShoulder_Armature","Sketchfab_model/Root/Armature/Armature_rootJoint/mixamorig_Hips_Armature/mixamorig_Spine_Armature/mixamorig_Spine1_Armature/mixamorig_Spine2_Armature/mixamorig_LeftShoulder_Armature/mixamorig_LeftArm_Armature","Sketchfab_model/Root/Armature/Armature_rootJoint/mixamorig_Hips_Armature/mixamorig_Spine_Armature/mixamorig_Spine1_Armature/mixamorig_Spine2_Armature/mixamorig_LeftShoulder_Armature/mixamorig_LeftArm_Armature/mixamorig_LeftForeArm_Armature","Sketchfab_model/Root/Armature/Armature_rootJoint/mixamorig_Hips_Armature/mixamorig_Spine_Armature/mixamorig_Spine1_Armature/mixamorig_Spine2_Armature/mixamorig_LeftShoulder_Armature/mixamorig_LeftArm_Armature/mixamorig_LeftForeArm_Armature/mixamorig_LeftHand_Armature","Sketchfab_model/Root/Armature/Armature_rootJoint/mixamorig_Hips_Armature/mixamorig_Spine_Armature/mixamorig_Spine1_Armature/mixamorig_Spine2_Armature/mixamorig_LeftShoulder_Armature/mixamorig_LeftArm_Armature/mixamorig_LeftForeArm_Armature/mixamorig_LeftHand_Armature/mixamorig_LeftHandThumb1_Armature","Sketchfab_model/Root/Armature/Armature_rootJoint/mixamorig_Hips_Armature/mixamorig_Spine_Armature/mixamorig_Spine1_Armature/mixamorig_Spine2_Armature/mixamorig_LeftShoulder_Armature/mixamorig_LeftArm_Armature/mixamorig_LeftForeArm_Armature/mixamorig_LeftHand_Armature/mixamorig_LeftHandThumb1_Armature/mixamorig_LeftHandThumb2_Armature","Sketchfab_model/Root/Armature/Armature_rootJoint/mixamorig_Hips_Armature/mixamorig_Spine_Armature/mixamorig_Spine1_Armature/mixamorig_Spine2_Armature/mixamorig_LeftShoulder_Armature/mixamorig_LeftArm_Armature/mixamorig_LeftForeArm_Armature/mixamorig_LeftHand_Armature/mixamorig_LeftHandThumb1_Armature/mixamorig_LeftHandThumb2_Armature/mixamorig_LeftHandThumb3_Armature","Sketchfab_model/Root/Armature/Armature_rootJoint/mixamorig_Hips_Armature/mixamorig_Spine_Armature/mixamorig_Spine1_Armature/mixamorig_Spine2_Armature/mixamorig_LeftShoulder_Armature/mixamorig_LeftArm_Armature/mixamorig_LeftForeArm_Armature/mixamorig_LeftHand_Armature/mixamorig_LeftHandThumb1_Armature/mixamorig_LeftHandThumb2_Armature/mixamorig_LeftHandThumb3_Armature/mixamorig_LeftHandThumb4_Armature","Sketchfab_model/Root/Armature/Armature_rootJoint/mixamorig_Hips_Armature/mixamorig_Spine_Armature/mixamorig_Spine1_Armature/mixamorig_Spine2_Armature/mixamorig_LeftShoulder_Armature/mixamorig_LeftArm_Armature/mixamorig_LeftForeArm_Armature/mixamorig_LeftHand_Armature/mixamorig_LeftHandIndex1_Armature","Sketchfab_model/Root/Armature/Armature_rootJoint/mixamorig_Hips_Armature/mixamorig_Spine_Armature/mixamorig_Spine1_Armature/mixamorig_Spine2_Armature/mixamorig_LeftShoulder_Armature/mixamorig_LeftArm_Armature/mixamorig_LeftForeArm_Armature/mixamorig_LeftHand_Armature/mixamorig_LeftHandIndex1_Armature/mixamorig_LeftHandIndex2_Armature","Sketchfab_model/Root/Armature/Armature_rootJoint/mixamorig_Hips_Armature/mixamorig_Spine_Armature/mixamorig_Spine1_Armature/mixamorig_Spine2_Armature/mixamorig_LeftShoulder_Armature/mixamorig_LeftArm_Armature/mixamorig_LeftForeArm_Armature/mixamorig_LeftHand_Armature/mixamorig_LeftHandIndex1_Armature/mixamorig_LeftHandIndex2_Armature/mixamorig_LeftHandIndex3_Armature","Sketchfab_model/Root/Armature/Armature_rootJoint/mixamorig_Hips_Armature/mixamorig_Spine_Armature/mixamorig_Spine1_Armature/mixamorig_Spine2_Armature/mixamorig_LeftShoulder_Armature/mixamorig_LeftArm_Armature/mixamorig_LeftForeArm_Armature/mixamorig_LeftHand_Armature/mixamorig_LeftHandIndex1_Armature/mixamorig_LeftHandIndex2_Armature/mixamorig_LeftHandIndex3_Armature/mixamorig_LeftHandIndex4_Armature","Sketchfab_model/Root/Armature/Armature_rootJoint/mixamorig_Hips_Armature/mixamorig_Spine_Armature/mixamorig_Spine1_Armature/mixamorig_Spine2_Armature/mixamorig_LeftShoulder_Armature/mixamorig_LeftArm_Armature/mixamorig_LeftForeArm_Armature/mixamorig_LeftHand_Armature/mixamorig_LeftHandMiddle1_Armature","Sketchfab_model/Root/Armature/Armature_rootJoint/mixamorig_Hips_Armature/mixamorig_Spine_Armature/mixamorig_Spine1_Armature/mixamorig_Spine2_Armature/mixamorig_LeftShoulder_Armature/mixamorig_LeftArm_Armature/mixamorig_LeftForeArm_Armature/mixamorig_LeftHand_Armature/mixamorig_LeftHandMiddle1_Armature/mixamorig_LeftHandMiddle2_Armature","Sketchfab_model/Root/Armature/Armature_rootJoint/mixamorig_Hips_Armature/mixamorig_Spine_Armature/mixamorig_Spine1_Armature/mixamorig_Spine2_Armature/mixamorig_LeftShoulder_Armature/mixamorig_LeftArm_Armature/mixamorig_LeftForeArm_Armature/mixamorig_LeftHand_Armature/mixamorig_LeftHandMiddle1_Armature/mixamorig_LeftHandMiddle2_Armature/mixamorig_LeftHandMiddle3_Armature","Sketchfab_model/Root/Armature/Armature_rootJoint/mixamorig_Hips_Armature/mixamorig_Spine_Armature/mixamorig_Spine1_Armature/mixamorig_Spine2_Armature/mixamorig_LeftShoulder_Armature/mixamorig_LeftArm_Armature/mixamorig_LeftForeArm_Armature/mixamorig_LeftHand_Armature/mixamorig_LeftHandMiddle1_Armature/mixamorig_LeftHandMiddle2_Armature/mixamorig_LeftHandMiddle3_Armature/mixamorig_LeftHandMiddle4_Armature","Sketchfab_model/Root/Armature/Armature_rootJoint/mixamorig_Hips_Armature/mixamorig_Spine_Armature/mixamorig_Spine1_Armature/mixamorig_Spine2_Armature/mixamorig_LeftShoulder_Armature/mixamorig_LeftArm_Armature/mixamorig_LeftForeArm_Armature/mixamorig_LeftHand_Armature/mixamorig_LeftHandRing1_Armature","Sketchfab_model/Root/Armature/Armature_rootJoint/mixamorig_Hips_Armature/mixamorig_Spine_Armature/mixamorig_Spine1_Armature/mixamorig_Spine2_Armature/mixamorig_LeftShoulder_Armature/mixamorig_LeftArm_Armature/mixamorig_LeftForeArm_Armature/mixamorig_LeftHand_Armature/mixamorig_LeftHandRing1_Armature/mixamorig_LeftHandRing2_Armature","Sketchfab_model/Root/Armature/Armature_rootJoint/mixamorig_Hips_Armature/mixamorig_Spine_Armature/mixamorig_Spine1_Armature/mixamorig_Spine2_Armature/mixamorig_LeftShoulder_Armature/mixamorig_LeftArm_Armature/mixamorig_LeftForeArm_Armature/mixamorig_LeftHand_Armature/mixamorig_LeftHandRing1_Armature/mixamorig_LeftHandRing2_Armature/mixamorig_LeftHandRing3_Armature","Sketchfab_model/Root/Armature/Armature_rootJoint/mixamorig_Hips_Armature/mixamorig_Spine_Armature/mixamorig_Spine1_Armature/mixamorig_Spine2_Armature/mixamorig_LeftShoulder_Armature/mixamorig_LeftArm_Armature/mixamorig_LeftForeArm_Armature/mixamorig_LeftHand_Armature/mixamorig_LeftHandRing1_Armature/mixamorig_LeftHandRing2_Armature/mixamorig_LeftHandRing3_Armature/mixamorig_LeftHandRing4_Armature","Sketchfab_model/Root/Armature/Armature_rootJoint/mixamorig_Hips_Armature/mixamorig_Spine_Armature/mixamorig_Spine1_Armature/mixamorig_Spine2_Armature/mixamorig_LeftShoulder_Armature/mixamorig_LeftArm_Armature/mixamorig_LeftForeArm_Armature/mixamorig_LeftHand_Armature/mixamorig_LeftHandPinky1_Armature","Sketchfab_model/Root/Armature/Armature_rootJoint/mixamorig_Hips_Armature/mixamorig_Spine_Armature/mixamorig_Spine1_Armature/mixamorig_Spine2_Armature/mixamorig_LeftShoulder_Armature/mixamorig_LeftArm_Armature/mixamorig_LeftForeArm_Armature/mixamorig_LeftHand_Armature/mixamorig_LeftHandPinky1_Armature/mixamorig_LeftHandPinky2_Armature","Sketchfab_model/Root/Armature/Armature_rootJoint/mixamorig_Hips_Armature/mixamorig_Spine_Armature/mixamorig_Spine1_Armature/mixamorig_Spine2_Armature/mixamorig_LeftShoulder_Armature/mixamorig_LeftArm_Armature/mixamorig_LeftForeArm_Armature/mixamorig_LeftHand_Armature/mixamorig_LeftHandPinky1_Armature/mixamorig_LeftHandPinky2_Armature/mixamorig_LeftHandPinky3_Armature","Sketchfab_model/Root/Armature/Armature_rootJoint/mixamorig_Hips_Armature/mixamorig_Spine_Armature/mixamorig_Spine1_Armature/mixamorig_Spine2_Armature/mixamorig_LeftShoulder_Armature/mixamorig_LeftArm_Armature/mixamorig_LeftForeArm_Armature/mixamorig_LeftHand_Armature/mixamorig_LeftHandPinky1_Armature/mixamorig_LeftHandPinky2_Armature/mixamorig_LeftHandPinky3_Armature/mixamorig_LeftHandPinky4_Armature","Sketchfab_model/Root/Armature/Armature_rootJoint/mixamorig_Hips_Armature/mixamorig_Spine_Armature/mixamorig_Spine1_Armature/mixamorig_Spine2_Armature/mixamorig_RightShoulder_Armature","Sketchfab_model/Root/Armature/Armature_rootJoint/mixamorig_Hips_Armature/mixamorig_Spine_Armature/mixamorig_Spine1_Armature/mixamorig_Spine2_Armature/mixamorig_RightShoulder_Armature/mixamorig_RightArm_Armature","Sketchfab_model/Root/Armature/Armature_rootJoint/mixamorig_Hips_Armature/mixamorig_Spine_Armature/mixamorig_Spine1_Armature/mixamorig_Spine2_Armature/mixamorig_RightShoulder_Armature/mixamorig_RightArm_Armature/mixamorig_RightForeArm_Armature","Sketchfab_model/Root/Armature/Armature_rootJoint/mixamorig_Hips_Armature/mixamorig_Spine_Armature/mixamorig_Spine1_Armature/mixamorig_Spine2_Armature/mixamorig_RightShoulder_Armature/mixamorig_RightArm_Armature/mixamorig_RightForeArm_Armature/mixamorig_RightHand_Armature","Sketchfab_model/Root/Armature/Armature_rootJoint/mixamorig_Hips_Armature/mixamorig_Spine_Armature/mixamorig_Spine1_Armature/mixamorig_Spine2_Armature/mixamorig_RightShoulder_Armature/mixamorig_RightArm_Armature/mixamorig_RightForeArm_Armature/mixamorig_RightHand_Armature/mixamorig_RightHandThumb1_Armature","Sketchfab_model/Root/Armature/Armature_rootJoint/mixamorig_Hips_Armature/mixamorig_Spine_Armature/mixamorig_Spine1_Armature/mixamorig_Spine2_Armature/mixamorig_RightShoulder_Armature/mixamorig_RightArm_Armature/mixamorig_RightForeArm_Armature/mixamorig_RightHand_Armature/mixamorig_RightHandThumb1_Armature/mixamorig_RightHandThumb2_Armature","Sketchfab_model/Root/Armature/Armature_rootJoint/mixamorig_Hips_Armature/mixamorig_Spine_Armature/mixamorig_Spine1_Armature/mixamorig_Spine2_Armature/mixamorig_RightShoulder_Armature/mixamorig_RightArm_Armature/mixamorig_RightForeArm_Armature/mixamorig_RightHand_Armature/mixamorig_RightHandThumb1_Armature/mixamorig_RightHandThumb2_Armature/mixamorig_RightHandThumb3_Armature","Sketchfab_model/Root/Armature/Armature_rootJoint/mixamorig_Hips_Armature/mixamorig_Spine_Armature/mixamorig_Spine1_Armature/mixamorig_Spine2_Armature/mixamorig_RightShoulder_Armature/mixamorig_RightArm_Armature/mixamorig_RightForeArm_Armature/mixamorig_RightHand_Armature/mixamorig_RightHandThumb1_Armature/mixamorig_RightHandThumb2_Armature/mixamorig_RightHandThumb3_Armature/mixamorig_RightHandThumb4_Armature","Sketchfab_model/Root/Armature/Armature_rootJoint/mixamorig_Hips_Armature/mixamorig_Spine_Armature/mixamorig_Spine1_Armature/mixamorig_Spine2_Armature/mixamorig_RightShoulder_Armature/mixamorig_RightArm_Armature/mixamorig_RightForeArm_Armature/mixamorig_RightHand_Armature/mixamorig_RightHandIndex1_Armature","Sketchfab_model/Root/Armature/Armature_rootJoint/mixamorig_Hips_Armature/mixamorig_Spine_Armature/mixamorig_Spine1_Armature/mixamorig_Spine2_Armature/mixamorig_RightShoulder_Armature/mixamorig_RightArm_Armature/mixamorig_RightForeArm_Armature/mixamorig_RightHand_Armature/mixamorig_RightHandIndex1_Armature/mixamorig_RightHandIndex2_Armature","Sketchfab_model/Root/Armature/Armature_rootJoint/mixamorig_Hips_Armature/mixamorig_Spine_Armature/mixamorig_Spine1_Armature/mixamorig_Spine2_Armature/mixamorig_RightShoulder_Armature/mixamorig_RightArm_Armature/mixamorig_RightForeArm_Armature/mixamorig_RightHand_Armature/mixamorig_RightHandIndex1_Armature/mixamorig_RightHandIndex2_Armature/mixamorig_RightHandIndex3_Armature","Sketchfab_model/Root/Armature/Armature_rootJoint/mixamorig_Hips_Armature/mixamorig_Spine_Armature/mixamorig_Spine1_Armature/mixamorig_Spine2_Armature/mixamorig_RightShoulder_Armature/mixamorig_RightArm_Armature/mixamorig_RightForeArm_Armature/mixamorig_RightHand_Armature/mixamorig_RightHandIndex1_Armature/mixamorig_RightHandIndex2_Armature/mixamorig_RightHandIndex3_Armature/mixamorig_RightHandIndex4_Armature","Sketchfab_model/Root/Armature/Armature_rootJoint/mixamorig_Hips_Armature/mixamorig_Spine_Armature/mixamorig_Spine1_Armature/mixamorig_Spine2_Armature/mixamorig_RightShoulder_Armature/mixamorig_RightArm_Armature/mixamorig_RightForeArm_Armature/mixamorig_RightHand_Armature/mixamorig_RightHandMiddle1_Armature","Sketchfab_model/Root/Armature/Armature_rootJoint/mixamorig_Hips_Armature/mixamorig_Spine_Armature/mixamorig_Spine1_Armature/mixamorig_Spine2_Armature/mixamorig_RightShoulder_Armature/mixamorig_RightArm_Armature/mixamorig_RightForeArm_Armature/mixamorig_RightHand_Armature/mixamorig_RightHandMiddle1_Armature/mixamorig_RightHandMiddle2_Armature","Sketchfab_model/Root/Armature/Armature_rootJoint/mixamorig_Hips_Armature/mixamorig_Spine_Armature/mixamorig_Spine1_Armature/mixamorig_Spine2_Armature/mixamorig_RightShoulder_Armature/mixamorig_RightArm_Armature/mixamorig_RightForeArm_Armature/mixamorig_RightHand_Armature/mixamorig_RightHandMiddle1_Armature/mixamorig_RightHandMiddle2_Armature/mixamorig_RightHandMiddle3_Armature","Sketchfab_model/Root/Armature/Armature_rootJoint/mixamorig_Hips_Armature/mixamorig_Spine_Armature/mixamorig_Spine1_Armature/mixamorig_Spine2_Armature/mixamorig_RightShoulder_Armature/mixamorig_RightArm_Armature/mixamorig_RightForeArm_Armature/mixamorig_RightHand_Armature/mixamorig_RightHandMiddle1_Armature/mixamorig_RightHandMiddle2_Armature/mixamorig_RightHandMiddle3_Armature/mixamorig_RightHandMiddle4_Armature","Sketchfab_model/Root/Armature/Armature_rootJoint/mixamorig_Hips_Armature/mixamorig_Spine_Armature/mixamorig_Spine1_Armature/mixamorig_Spine2_Armature/mixamorig_RightShoulder_Armature/mixamorig_RightArm_Armature/mixamorig_RightForeArm_Armature/mixamorig_RightHand_Armature/mixamorig_RightHandRing1_Armature","Sketchfab_model/Root/Armature/Armature_rootJoint/mixamorig_Hips_Armature/mixamorig_Spine_Armature/mixamorig_Spine1_Armature/mixamorig_Spine2_Armature/mixamorig_RightShoulder_Armature/mixamorig_RightArm_Armature/mixamorig_RightForeArm_Armature/mixamorig_RightHand_Armature/mixamorig_RightHandRing1_Armature/mixamorig_RightHandRing2_Armature","Sketchfab_model/Root/Armature/Armature_rootJoint/mixamorig_Hips_Armature/mixamorig_Spine_Armature/mixamorig_Spine1_Armature/mixamorig_Spine2_Armature/mixamorig_RightShoulder_Armature/mixamorig_RightArm_Armature/mixamorig_RightForeArm_Armature/mixamorig_RightHand_Armature/mixamorig_RightHandRing1_Armature/mixamorig_RightHandRing2_Armature/mixamorig_RightHandRing3_Armature","Sketchfab_model/Root/Armature/Armature_rootJoint/mixamorig_Hips_Armature/mixamorig_Spine_Armature/mixamorig_Spine1_Armature/mixamorig_Spine2_Armature/mixamorig_RightShoulder_Armature/mixamorig_RightArm_Armature/mixamorig_RightForeArm_Armature/mixamorig_RightHand_Armature/mixamorig_RightHandRing1_Armature/mixamorig_RightHandRing2_Armature/mixamorig_RightHandRing3_Armature/mixamorig_RightHandRing4_Armature","Sketchfab_model/Root/Armature/Armature_rootJoint/mixamorig_Hips_Armature/mixamorig_Spine_Armature/mixamorig_Spine1_Armature/mixamorig_Spine2_Armature/mixamorig_RightShoulder_Armature/mixamorig_RightArm_Armature/mixamorig_RightForeArm_Armature/mixamorig_RightHand_Armature/mixamorig_RightHandPinky1_Armature","Sketchfab_model/Root/Armature/Armature_rootJoint/mixamorig_Hips_Armature/mixamorig_Spine_Armature/mixamorig_Spine1_Armature/mixamorig_Spine2_Armature/mixamorig_RightShoulder_Armature/mixamorig_RightArm_Armature/mixamorig_RightForeArm_Armature/mixamorig_RightHand_Armature/mixamorig_RightHandPinky1_Armature/mixamorig_RightHandPinky2_Armature","Sketchfab_model/Root/Armature/Armature_rootJoint/mixamorig_Hips_Armature/mixamorig_Spine_Armature/mixamorig_Spine1_Armature/mixamorig_Spine2_Armature/mixamorig_RightShoulder_Armature/mixamorig_RightArm_Armature/mixamorig_RightForeArm_Armature/mixamorig_RightHand_Armature/mixamorig_RightHandPinky1_Armature/mixamorig_RightHandPinky2_Armature/mixamorig_RightHandPinky3_Armature","Sketchfab_model/Root/Armature/Armature_rootJoint/mixamorig_Hips_Armature/mixamorig_Spine_Armature/mixamorig_Spine1_Armature/mixamorig_Spine2_Armature/mixamorig_RightShoulder_Armature/mixamorig_RightArm_Armature/mixamorig_RightForeArm_Armature/mixamorig_RightHand_Armature/mixamorig_RightHandPinky1_Armature/mixamorig_RightHandPinky2_Armature/mixamorig_RightHandPinky3_Armature/mixamorig_RightHandPinky4_Armature","Sketchfab_model/Root/Armature/Armature_rootJoint/mixamorig_Hips_Armature/mixamorig_LeftUpLeg_Armature","Sketchfab_model/Root/Armature/Armature_rootJoint/mixamorig_Hips_Armature/mixamorig_LeftUpLeg_Armature/mixamorig_LeftLeg_Armature","Sketchfab_model/Root/Armature/Armature_rootJoint/mixamorig_Hips_Armature/mixamorig_LeftUpLeg_Armature/mixamorig_LeftLeg_Armature/mixamorig_LeftFoot_Armature","Sketchfab_model/Root/Armature/Armature_rootJoint/mixamorig_Hips_Armature/mixamorig_LeftUpLeg_Armature/mixamorig_LeftLeg_Armature/mixamorig_LeftFoot_Armature/mixamorig_LeftToeBase_Armature","Sketchfab_model/Root/Armature/Armature_rootJoint/mixamorig_Hips_Armature/mixamorig_LeftUpLeg_Armature/mixamorig_LeftLeg_Armature/mixamorig_LeftFoot_Armature/mixamorig_LeftToeBase_Armature/mixamorig_LeftToe_End_Armature","Sketchfab_model/Root/Armature/Armature_rootJoint/mixamorig_Hips_Armature/mixamorig_RightUpLeg_Armature","Sketchfab_model/Root/Armature/Armature_rootJoint/mixamorig_Hips_Armature/mixamorig_RightUpLeg_Armature/mixamorig_RightLeg_Armature","Sketchfab_model/Root/Armature/Armature_rootJoint/mixamorig_Hips_Armature/mixamorig_RightUpLeg_Armature/mixamorig_RightLeg_Armature/mixamorig_RightFoot_Armature","Sketchfab_model/Root/Armature/Armature_rootJoint/mixamorig_Hips_Armature/mixamorig_RightUpLeg_Armature/mixamorig_RightLeg_Armature/mixamorig_RightFoot_Armature/mixamorig_RightToeBase_Armature","Sketchfab_model/Root/Armature/Armature_rootJoint/mixamorig_Hips_Armature/mixamorig_RightUpLeg_Armature/mixamorig_RightLeg_Armature/mixamorig_RightFoot_Armature/mixamorig_RightToeBase_Armature/mixamorig_RightToe_End_Armature"],[[[7,1,0,0,0,0,1,0,0,0,0,1,0,0,0,0,1],[7,1,0,0,0,0,1,0,0,0,0,1,0,0.0034000000450760126,-1.7402600049972534,0.007040000054985285,1],[7,1,0,0,0,0,0.9963799715042114,0.0849900022149086,0,0,-0.0849900022149086,0.9963799715042114,0,0.0034000000450760126,-1.9314199686050415,-0.1408900022506714,1],[7,1,0,0,0,0,0.9963799715042114,0.0849900022149086,0,0,-0.0849900022149086,0.9963799715042114,0,0.0034000000450760126,-2.1610798835754395,-0.1408900022506714,1],[7,1,0,0,0,0,0.9963799715042114,0.0849900022149086,0,0,-0.0849900022149086,0.9963799715042114,0,0.0034000000450760126,-2.4235599040985107,-0.1408900022506714,1],[7,1,0,0,0,0,0.9733399748802185,-0.22936999797821045,0,0,0.22936999797821045,0.9733399748802185,0,0.0034000000450760126,-2.6276299953460693,0.7123900055885315,1],[7,1,0,0,0,0,0.9733399748802185,-0.22936999797821045,0,0,0.22936999797821045,0.9733399748802185,0,0.0034000000450760126,-2.7179999351501465,0.7123799920082092,1],[7,1,0,0,0,0,1,0,0,0,0,1,0,0.0034000000450760126,-3.2813398838043213,-0.041349999606609344,1],[7,-0.04456000030040741,0.9034199714660645,-0.4264400005340576,0,-0.08505000174045563,-0.42875000834465027,-0.8994100093841553,0,-0.9953799843788147,-0.003809999907389283,0.095940001308918,0,0.14094999432563782,1.0479400157928467,2.4540998935699463,1],[7,-0.00953999999910593,0.605430006980896,-0.7958400249481201,0,-0.01119999960064888,-0.7958899736404419,-0.6053299903869629,0,-0.9998900294303894,0.0031399999279528856,0.01436999998986721,0,-0.06024999916553497,1.8446999788284302,1.812440037727356,1],[7,0.035829998552799225,0.6740700006484985,-0.7378000020980835,0,-0.07077000290155411,-0.7347000241279602,-0.6746900081634521,0,-0.9968500137329102,0.07638999819755554,0.021379999816417694,0,0.04763999953866005,1.2688499689102173,1.935379981994629,1],[7,0.01501999981701374,0.5950300097465515,-0.8035600185394287,0,0.07531999796628952,-0.802049994468689,-0.5924999713897705,0,-0.9970499873161316,-0.0516199991106987,-0.056859999895095825,0,-0.2072100043296814,0.9598299860954285,1.8369799852371216,1],[7,0.5814399719238281,0.25343000888824463,-0.7731099724769592,0,-0.22519999742507935,-0.8629900217056274,-0.45225998759269714,0,-0.7817999720573425,0.43707001209259033,-0.4447000026702881,0,-0.1471399962902069,1.3274500370025635,1.5261499881744385,1],[7,0.35229000449180603,0.11148999631404877,-0.9292299747467041,0,-0.2710599899291992,-0.9381700158119202,-0.21533000469207764,0,-0.8957800269126892,0.3277300000190735,-0.30028998851776123,0,0.15103000402450562,1.528290033340454,1.2583999633789062,1],[7,-0.4337800145149231,0.4476499855518341,-0.7819499969482422,0,-0.3688400089740753,-0.880020022392273,-0.2991900146007538,0,-0.8220700025558472,0.15862999856472015,0.5468400120735168,0,1.0626499652862549,1.0587300062179565,1.2341099977493286,1],[7,0.25964000821113586,0.40384000539779663,-0.8772100210189819,0,-0.2629599869251251,-0.8444700241088867,-0.4666000008583069,0,-0.9292200207710266,0.3518199920654297,-0.11305999755859375,0,0.21743999421596527,0.9897300004959106,1.6285099983215332,1],[7,0.019179999828338623,0.4827199876308441,-0.8755599856376648,0,0.024819999933242798,-0.8756800293922424,-0.48225000500679016,0,-0.9995099902153015,-0.012480000033974648,-0.028780000284314156,0,-0.07248000055551529,1.0084500312805176,1.7204699516296387,1],[7,0.09136000275611877,0.3607099950313568,-0.9281899929046631,0,0.040150001645088196,-0.932669997215271,-0.35850000381469727,0,-0.9950100183486938,-0.004519999958574772,-0.09968999773263931,0,-0.17350000143051147,1.1805800199508667,1.5680299997329712,1],[7,0.04843999817967415,0.4244900047779083,-0.9041399955749512,0,0.032269999384880066,-0.9053900241851807,-0.4233500063419342,0,-0.9983000159263611,-0.008659999817609787,-0.05756000056862831,0,-0.11514999717473984,1.0259699821472168,1.6487400531768799,1],[7,0.04707999899983406,0.4244999885559082,-0.90420001745224,0,0.03195999935269356,-0.9053800106048584,-0.4233900010585785,0,-0.9983800053596497,-0.008969999849796295,-0.05618999898433685,0,-0.11320000141859055,0.9865800142288208,1.6488900184631348,1],[7,-0.040070001035928726,0.49149999022483826,-0.8699600100517273,0,0.1177700012922287,-0.8622599840164185,-0.49257999658584595,0,-0.9922299981117249,-0.12218999862670898,-0.023329999297857285,0,-0.20422999560832977,0.9662899971008301,1.7379399538040161,1],[7,0.02809000015258789,0.3434399962425232,-0.938759982585907,0,0.13011999428272247,-0.9323899745941162,-0.3372200131416321,0,-0.991100013256073,-0.11268000304698944,-0.07088000327348709,0,-0.2965700030326843,1.1910400390625,1.5483499765396118,1],[7,-0.03711999952793121,0.48267999291419983,-0.8750100135803223,0,0.11860000342130661,-0.8672999739646912,-0.483460009098053,0,-0.9922500252723694,-0.12172000110149384,-0.025049999356269836,0,-0.20815999805927277,0.8876299858093262,1.7205599546432495,1],[7,-0.020239999517798424,0.48278000950813293,-0.8755099773406982,0,0.12268000096082687,-0.8678699731826782,-0.4814099967479706,0,-0.9922400116920471,-0.11715000122785568,-0.04165999963879585,0,-0.23305000364780426,0.8474699854850769,1.7168300151824951,1],[7,-0.06426999717950821,0.4131700098514557,-0.9083799719810486,0,0.06860999763011932,-0.906279981136322,-0.4170700013637543,0,-0.9955700039863586,-0.08912999927997589,0.029899999499320984,0,-0.13239000737667084,1.1109999418258667,1.6627099514007568,1],[7,0.14794999361038208,0.16613000631332397,-0.9749400019645691,0,0.09218999743461609,-0.9838100075721741,-0.15365000069141388,0,-0.9846900105476379,-0.06714999675750732,-0.16087999939918518,0,-0.3958199918270111,1.4629100561141968,1.276419997215271,1],[7,0.04097000136971474,0.2593199908733368,-0.9649199843406677,0,0.08759000152349472,-0.9629499912261963,-0.2550700008869171,0,-0.9953100085258484,-0.07406999915838242,-0.06216999888420105,0,-0.27518001198768616,1.2910399436950684,1.4402799606323242,1],[7,0.008709999732673168,0.25936999917030334,-0.9657400250434875,0,0.08382000029087067,-0.9625700116157532,-0.2577599883079529,0,-0.9964399933815002,-0.0786999985575676,-0.03012000024318695,0,-0.23455999791622162,1.2578999996185303,1.448390007019043,1],[7,-0.021709999069571495,0.21176999807357788,-0.9770799875259399,0,0.07058999687433243,-0.9745399951934814,-0.21278999745845795,0,-0.9972699880599976,-0.0735900029540062,0.006209999788552523,0,-0.2134999930858612,1.4674700498580933,1.3629599809646606,1],[7,-0.048259999603033066,0.25971001386642456,-0.9644799828529358,0,0.0662899985909462,-0.9626399874687195,-0.26252999901771545,0,-0.9966300129890442,-0.07660999894142151,0.029239999130368233,0,-0.17892000079154968,1.3565200567245483,1.4370299577713013,1],[7,0.26563000679016113,0.15610000491142273,-0.9513499736785889,0,0.08855000138282776,-0.9865800142288208,-0.13715000450611115,0,-0.9599999785423279,-0.04780999943614006,-0.2758899927139282,0,-0.5363100171089172,1.4693100452423096,1.1790599822998047,1],[7,0.015930000692605972,0.15650999546051025,-0.9875500202178955,0,0.0741100013256073,-0.9851400256156921,-0.1549299955368042,0,-0.9971200227737427,-0.07072000205516815,-0.027289999648928642,0,-0.2578499913215637,1.4405800104141235,1.275670051574707,1],[7,-0.03616999834775925,-0.903410017490387,0.4272400140762329,0,0.08506999909877777,-0.42875000834465027,-0.8994100093841553,0,0.9957200288772583,0.003809999907389283,0.0923599973320961,0,-0.14124999940395355,1.042490005493164,2.456670045852661,1],[7,0.008969999849796295,-0.605430006980896,0.7958499789237976,0,-0.01001999992877245,-0.7958899736404419,-0.6053599715232849,0,0.9999099969863892,-0.0025400000158697367,-0.013199999928474426,0,0.11796999722719193,1.8400599956512451,1.8154100179672241,1],[7,0.0553399994969368,-0.6741399765014648,0.7365300059318542,0,0.051010001450777054,-0.734790027141571,-0.6763799786567688,0,0.997160017490387,0.07500000298023224,-0.006279999855905771,0,0.00773000018671155,1.2642500400543213,1.9409500360488892,1],[7,0.017820000648498535,-0.5734699964523315,0.8190400004386902,0,-0.08167999982833862,-0.8172600269317627,-0.5704500079154968,0,0.9965000152587891,-0.0567299984395504,-0.061409998685121536,0,0.22201000154018402,1.003749966621399,1.8150299787521362,1],[7,0.5976999998092651,-0.19864000380039215,0.7767199873924255,0,0.258899986743927,-0.8690900206565857,-0.42149001359939575,0,0.7587699890136719,0.45302000641822815,-0.46803000569343567,0,0.10180000215768814,1.3899799585342407,1.4757200479507446,1],[7,0.23973000049591064,-0.1221499964594841,0.963129997253418,0,0.27570000290870667,-0.9426500201225281,-0.18817999958992004,0,0.930869996547699,0.31064000725746155,-0.1923000067472458,0,-0.2676500082015991,1.527959942817688,1.240339994430542,1],[7,-0.46998998522758484,-0.24300000071525574,0.8485699892044067,0,0.2795200049877167,-0.9528599977493286,-0.1180500015616417,0,0.8372499942779541,0.18171000480651855,0.515749990940094,0,-0.9460099935531616,1.377369999885559,0.9908900260925293,1],[7,0.2627499997615814,-0.20342999696731567,0.9431700110435486,0,0.27779000997543335,-0.9201800227165222,-0.2758600115776062,0,0.9240099787712097,0.33449000120162964,-0.18526999652385712,0,-0.2414100021123886,1.307770013809204,1.369670033454895,1],[7,0.017069999128580093,-0.48603999614715576,0.873769998550415,0,-0.05933000147342682,-0.8728500008583069,-0.484360009431839,0,0.9980900287628174,-0.04357000067830086,-0.04374000057578087,0,0.1284399926662445,0.9937999844551086,1.7204999923706055,1],[7,0.06406000256538391,-0.39656999707221985,0.9157699942588806,0,-0.06949999928474426,-0.9172000288963318,-0.39232000708580017,0,0.9955199956893921,-0.038509998470544815,-0.0863099992275238,0,0.1944500058889389,1.1161400079727173,1.610260009765625,1],[7,0.016510000452399254,-0.4858199954032898,0.8738999962806702,0,-0.05919000133872032,-0.8729599714279175,-0.4841800034046173,0,0.9981099963188171,-0.0437299981713295,-0.04317000135779381,0,0.12723000347614288,0.9071199893951416,1.7161600589752197,1],[7,0.03099999949336052,-0.4857099950313568,0.8735700249671936,0,-0.06287000328302383,-0.8732100129127502,-0.48326998949050903,0,0.9975399971008301,-0.0399399995803833,-0.05761000141501427,0,0.14872999489307404,0.8740000128746033,1.7141400575637817,1],[7,0.01360000018030405,-0.4191400110721588,0.9078199863433838,0,-0.08252999931573868,-0.9052799940109253,-0.4167200028896332,0,0.9965000152587891,-0.06925000250339508,-0.04690000042319298,0,0.2018200010061264,1.1130399703979492,1.6486400365829468,1],[7,0.048409998416900635,-0.3573099970817566,0.9327300190925598,0,-0.08867999911308289,-0.9316700100898743,-0.3523100018501282,0,0.9948800206184387,-0.06565999984741211,-0.07678999751806259,0,0.24865999817848206,1.1734600067138672,1.5659899711608887,1],[7,-0.0077599999494850636,-0.46790000796318054,0.8837500214576721,0,-0.0773100033402443,-0.8808500170707703,-0.4670499861240387,0,0.9969800114631653,-0.07195000350475311,-0.029330000281333923,0,0.17021000385284424,0.92603999376297,1.7024400234222412,1],[7,0.016759999096393585,-0.46779999136924744,0.8836699724197388,0,-0.08319000154733658,-0.8813899755477905,-0.46500998735427856,0,0.9963899850845337,-0.06571999937295914,-0.053690001368522644,0,0.20622000098228455,0.8878200054168701,1.6977699995040894,1],[7,-0.023770000785589218,-0.38769999146461487,0.9214800000190735,0,-0.031530000269412994,-0.920989990234375,-0.38830000162124634,0,0.9992200136184692,-0.03829000145196915,0.009669999592006207,0,0.11379999667406082,1.1696799993515015,1.6268800497055054,1],[7,0.09369000047445297,-0.21538999676704407,0.9720199704170227,0,-0.05008000135421753,-0.9761000275611877,-0.21146999299526215,0,0.9943400025367737,-0.028869999572634697,-0.10224000364542007,0,0.26881998777389526,1.404229998588562,1.3745800256729126,1],[7,0.12927000224590302,-0.22874000668525696,0.9648699760437012,0,-0.05437000095844269,-0.9732000231742859,-0.22342999279499054,0,0.990119993686676,-0.023579999804496765,-0.1382399946451187,0,0.31345000863075256,1.3455100059509277,1.383370041847229,1],[7,0.043549999594688416,-0.22920000553131104,0.9724000096321106,0,-0.0449099987745285,-0.972790002822876,-0.22728000581264496,0,0.9980400204658508,-0.03378000110387802,-0.05265999957919121,0,0.20681999623775482,1.310479998588562,1.4051899909973145,1],[7,-0.028720000758767128,-0.2870500087738037,0.9574900269508362,0,-0.08083999902009964,-0.9540799856185913,-0.2884500026702881,0,0.9963099956512451,-0.08568999916315079,0.004189999774098396,0,0.22440999746322632,1.3535699844360352,1.47160005569458,1],[7,-0.019859999418258667,-0.24421000480651855,0.9695199728012085,0,-0.08288999646902084,-0.965969979763031,-0.24502000212669373,0,0.9963600039482117,-0.08523000031709671,-0.0010600000387057662,0,0.23698000609874725,1.3746800422668457,1.4098000526428223,1],[7,0.18862000107765198,-0.16370999813079834,0.9683099985122681,0,-0.09643000364303589,-0.9843299984931946,-0.1476300060749054,0,0.9772999882698059,-0.06553000211715698,-0.20145000517368317,0,0.47290000319480896,1.4560699462890625,1.2228200435638428,1],[7,0.014379999600350857,-0.16398000717163086,0.9863600134849548,0,-0.08658000081777573,-0.9829599857330322,-0.1621599942445755,0,0.9961400032043457,-0.08307000249624252,-0.02833000011742115,0,0.2780500054359436,1.425089955329895,1.2864400148391724,1],[7,-0.9914500117301941,0.1305299997329712,0.000019999999494757503,0,-0.12981000542640686,-0.9859600067138672,-0.1050100028514862,0,-0.013700000010430813,-0.1041100025177002,0.9944700002670288,0,0.376010000705719,1.587049961090088,0.1704300045967102,1],[7,-0.9966999888420105,0.08089999854564667,-0.007849999703466892,0,-0.08083000034093857,-0.9966899752616882,-0.00851999968290329,0,-0.00851999968290329,-0.007860000245273113,0.9999399781227112,0,0.33608999848365784,0.8272600173950195,0.09074000269174576,1],[7,-0.9882000088691711,0.15263999998569489,0.0129399998113513,0,-0.08122999966144562,-0.5937700271606445,0.8005200028419495,0,0.1298699975013733,0.7900199890136719,0.5991700291633606,0,0.34540998935699463,0.13992999494075775,-0.11502999812364578,1],[7,-0.985539972782135,0.16551999747753143,-0.03627000004053116,0,-0.03195999935269356,0.028599999845027924,0.9990800023078918,0,0.16639000177383423,0.98580002784729,-0.0228899996727705,0,0.3377000093460083,-0.21913999319076538,-0.0010499999625608325,1],[7,-0.985539972782135,0.16551999747753143,-0.03627000004053116,0,-0.03195999935269356,0.028599999845027924,0.9990800023078918,0,0.16639000177383423,0.98580002784729,-0.0228899996727705,0,0.3377000093460083,-0.3489300012588501,-0.0010499999625608325,1],[7,-0.9914399981498718,-0.1305299997329712,-0.000019999999494757503,0,0.12981000542640686,-0.9859700202941895,-0.10492999851703644,0,0.013679999858140945,-0.10402999818325043,0.9944800138473511,0,-0.38280999660491943,1.5866199731826782,0.16607999801635742,1],[7,-0.9966999888420105,-0.0808899998664856,0.007079999893903732,0,0.0807500034570694,-0.9965699911117554,-0.018290000036358833,0,0.008539999835193157,-0.017659999430179596,0.999809980392456,0,-0.34283000230789185,0.8258799910545349,0.09459000080823898,1],[7,-0.9882100224494934,-0.15267999470233917,-0.011459999717772007,0,0.08250000327825546,-0.5939800143241882,0.8002399802207947,0,-0.12898999452590942,0.7898600101470947,0.5995699763298035,0,-0.3525800108909607,0.14055000245571136,-0.11328999698162079,1],[7,-0.9860799908638,-0.1607699990272522,0.042330000549554825,0,0.038359999656677246,0.027720000594854355,0.9988800287246704,0,-0.16177000105381012,0.9865999817848206,-0.02116999961435795,0,-0.34582000970840454,-0.21644000709056854,0.001180000021122396,1],[7,-0.9860799908638,-0.1607699990272522,0.042330000549554825,0,0.038359999656677246,0.027720000594854355,0.9988800287246704,0,-0.16177000105381012,0.9865999817848206,-0.02116999961435795,0,-0.34582000970840454,-0.35005998611450195,0.001180000021122396,1]],8,8,8,8,8,8,8,8,8,8,8,8,8,8,8,8,8,8,8,8,8,8,8,8,8,8,8,8,8,8,8,8,8,8,8,8,8,8,8,8,8,8,8,8,8,8,8,8,8,8,8,8,8,8,8,8,8,8,8,8,8,8,8,8,8,8]]],0,0,[],[],[]]
